Impact: 2.891139
Poeticism: 3.374684
Originality: 3.470886
Turing: 3.217722
