Impact: 2.428571
Poeticism: 3.000000
Originality: 3.428571
Turing: 4.142857
