Impact: 2.714286
Poeticism: 3.285714
Originality: 2.428571
Turing: 3.428571
