Impact: 3.571429
Poeticism: 3.142857
Originality: 3.285714
Turing: 2.428571
