Impact: 2.142857
Poeticism: 2.714286
Originality: 3.000000
Turing: 3.142857
