Impact: 2.857143
Poeticism: 3.571429
Originality: 3.142857
Turing: 2.857143
