Impact: 2.714286
Poeticism: 3.000000
Originality: 2.142857
Turing: 3.142857
