Impact: 2.627907
Poeticism: 3.430233
Originality: 2.825581
Turing: 2.697674
