Impact: 2.533333
Poeticism: 3.100000
Originality: 3.266667
Turing: 3.166667
